1 0 593 592.981
2 0 593 592.981
3 0 593 592.995
4 0 593 592.993
5 0 593 592.992
6 0 593 592.998
7 0 593 592.992
8 0 593 592.989
9 0 593 592.992
10 0 593 592.995
11 5 592 590.668
12 5 592 590.614
13 5 592 590.634
14 5 591 590.610
15 5 592 590.609
16 5 589 590.620
17 5 591 590.613
18 5 591 590.629
19 5 591 590.620
20 5 592 590.630
21 10 591 588.249
22 10 591 588.230
23 10 591 588.237
24 10 587 588.250
25 10 590 588.251
26 10 591 588.230
27 10 589 588.239
28 10 591 588.204
29 10 591 588.216
30 10 572 588.203
31 15 588 585.808
32 15 587 585.680
33 15 591 585.733
34 15 590 585.755
35 15 589 585.801
36 15 590 585.730
37 15 559 585.764
38 15 585 585.796
39 15 588 585.832
40 15 589 585.783
41 20 587 583.279
42 20 583 583.205
43 20 588 583.312
44 20 590 583.241
45 20 577 583.250
46 20 589 583.222
47 20 570 583.182
48 20 584 583.217
49 20 587 583.176
50 20 579 583.291
51 25 563 580.515
52 25 580 580.580
53 25 582 580.627
54 25 586 580.622
55 25 589 580.586
56 25 589 580.582
57 25 579 580.646
58 25 583 580.626
59 25 587 580.546
60 25 588 580.525
61 30 586 577.811
62 30 574 577.819
63 30 581 577.761
64 30 585 577.795
65 30 586 577.694
66 30 585 577.782
67 30 559 577.855
68 30 578 577.694
69 30 585 577.744
70 30 586 577.669
71 35 571 575.013
72 35 578 574.996
73 35 584 574.983
74 35 586 574.778
75 35 572 574.903
76 35 570 574.883
77 35 575 575.066
78 35 585 574.938
79 35 587 574.957
80 35 535 574.828
81 40 586 572.116
82 40 561 572.075
83 40 579 572.107
84 40 585 571.990
85 40 545 571.943
86 40 573 571.959
87 40 581 571.953
88 40 567 572.113
89 40 586 571.975
90 40 535 571.978
91 45 585 568.914
92 45 531 568.936
93 45 566 568.949
94 45 578 568.990
95 45 582 568.837
96 45 585 568.864
97 45 541 568.957
98 45 570 569.219
99 45 577 568.871
100 45 583 569.025
101 50 579 565.708
102 50 562 565.734
103 50 564 565.711
104 50 578 565.818
105 50 582 565.944
106 50 555 565.728
107 50 563 565.855
108 50 573 565.886
109 50 517 565.826
110 50 549 565.803
111 55 574 562.522
112 55 525 562.477
113 55 581 562.632
114 55 575 562.663
115 55 550 562.680
116 55 517 562.527
117 55 560 562.523
118 55 576 562.585
119 55 580 562.662
120 55 554 562.345
121 60 578 559.351
122 60 581 559.069
123 60 576 559.058
124 60 579 559.285
125 60 572 559.096
126 60 577 559.224
127 60 578 559.215
128 60 503 559.184
129 60 567 559.325
130 60 533 559.285
131 65 535 555.913
132 65 539 555.656
133 65 500 555.930
134 65 561 556.184
135 65 573 555.876
136 65 579 555.745
137 65 530 555.428
138 65 533 555.883
139 65 565 555.837
140 65 575 555.832
141 70 566 552.265
142 70 568 552.342
143 70 522 552.098
144 70 565 552.437
145 70 572 552.127
146 70 574 552.308
147 70 562 551.935
148 70 578 552.367
149 70 522 552.268
150 70 576 552.330
151 75 572 548.740
152 75 571 548.811
153 75 577 548.316
154 75 513 548.434
155 75 541 548.593
156 75 563 548.696
157 75 570 548.602
158 75 570 548.423
159 75 498 548.624
160 75 549 548.992
161 80 484 544.974
162 80 572 544.916
163 80 576 545.029
164 80 569 544.613
165 80 550 545.084
166 80 511 544.675
167 80 573 545.086
168 80 563 544.847
169 80 571 545.012
170 80 557 544.634
171 85 571 541.047
172 85 568 540.797
173 85 520 540.928
174 85 492 541.112
175 85 547 541.304
176 85 568 540.962
177 85 573 540.968
178 85 515 540.820
179 85 492 541.394
180 85 529 541.123
181 90 517 537.035
182 90 570 537.569
183 90 557 537.059
184 90 507 537.339
185 90 558 536.923
186 90 561 537.179
187 90 535 537.085
188 90 491 537.081
189 90 530 537.476
190 90 557 537.159
191 95 546 532.786
192 95 542 533.162
193 95 561 532.951
194 95 552 532.814
195 95 506 532.631
196 95 478 533.271
197 95 550 532.547
198 95 565 533.133
199 95 536 533.118
200 95 480 533.071
201 100 556 528.729
202 100 549 528.618
203 100 567 528.535
204 100 523 528.568
205 100 486 528.780
206 100 536 528.996
207 100 556 528.772
208 100 568 528.477
209 100 508 528.609
210 100 466 528.858
211 105 481 524.652
212 105 543 524.459
213 105 564 524.082
214 105 521 524.282
215 105 466 524.629
216 105 454 524.334
217 105 529 524.615
218 105 552 524.302
219 105 554 524.271
220 105 474 524.584
221 110 473 519.884
222 110 463 519.854
223 110 503 520.278
224 110 546 519.668
225 110 562 519.715
226 110 515 519.539
227 110 466 520.180
228 110 533 520.214
229 110 544 519.436
230 110 561 519.730
231 115 557 514.957
232 115 465 515.026
233 115 454 515.110
234 115 539 515.203
235 115 563 515.026
236 115 483 515.334
237 115 564 515.181
238 115 514 515.261
239 115 557 515.043
240 115 496 514.756
241 120 558 510.282
242 120 561 510.378
243 120 485 509.993
244 120 446 510.990
245 120 522 510.455
246 120 551 510.356
247 120 560 510.397
248 120 511 510.328
249 120 440 510.756
250 120 535 510.735
251 125 494 505.335
252 125 546 505.646
253 125 486 505.678
254 125 557 505.461
255 125 486 505.480
256 125 553 505.440
257 125 528 505.597
258 125 555 505.545
259 125 528 505.221
260 125 487 505.091
261 130 526 500.366
262 130 506 499.790
263 130 460 500.414
264 130 442 500.777
265 130 530 500.465
266 130 553 500.076
267 130 493 499.739
268 130 441 500.511
269 130 457 500.567
270 130 542 500.612
271 135 506 494.858
272 135 445 494.901
273 135 546 495.134
274 135 472 495.007
275 135 453 495.250
276 135 445 495.262
277 135 518 495.168
278 135 535 495.052
279 135 553 494.819
280 135 522 495.248
281 140 495 489.311
282 140 452 489.620
283 140 420 489.505
284 140 420 489.904
285 140 532 489.596
286 140 486 489.594
287 140 445 489.136
288 140 448 489.874
289 140 512 489.231
290 140 549 489.261
291 145 537 483.829
292 145 443 484.006
293 145 420 483.216
294 145 528 483.851
295 145 420 483.851
296 145 460 483.834
297 145 433 483.900
298 145 477 483.428
299 145 434 483.958
300 145 460 483.672
301 150 422 477.882
302 150 434 477.826
303 150 405 477.735
304 150 521 477.887
305 150 496 477.551
306 150 449 477.636
307 150 426 478.282
308 150 476 478.158
309 150 502 477.672
310 150 536 477.641
311 155 529 471.443
312 155 539 471.570
313 155 463 471.878
314 155 539 471.342
315 155 483 470.915
316 155 517 471.157
317 155 485 471.587
318 155 434 471.493
319 155 413 471.581
320 155 507 471.494
321 160 404 465.063
322 160 406 465.519
323 160 534 465.088
324 160 517 464.806
325 160 450 464.289
326 160 414 465.158
327 160 441 464.728
328 160 525 465.172
329 160 499 464.933
330 160 482 465.211
331 165 452 458.138
332 165 451 457.945
333 165 425 458.145
334 165 390 458.477
335 165 487 458.550
336 165 505 458.108
337 165 395 458.136
338 165 407 458.507
339 165 462 458.622
340 165 522 458.177
341 170 468 450.958
342 170 452 450.506
343 170 403 451.345
344 170 464 450.884
345 170 514 451.306
346 170 388 450.393
347 170 504 451.012
348 170 489 450.960
349 170 474 451.331
350 170 396 450.986
351 175 507 443.667
352 175 504 443.215
353 175 473 443.268
354 175 457 443.588
355 175 392 443.678
356 175 445 443.650
357 175 482 443.752
358 175 454 443.213
359 175 424 443.520
360 175 394 443.818
361 180 401 435.718
362 180 497 435.766
363 180 457 435.275
364 180 398 435.745
365 180 456 435.576
366 180 419 435.867
367 180 517 435.486
368 180 476 435.601
369 180 428 435.506
370 180 392 435.538
371 185 462 427.057
372 185 493 427.551
373 185 441 426.946
374 185 478 427.444
375 185 371 427.074
376 185 431 427.534
377 185 482 426.741
378 185 373 427.145
379 185 388 427.050
380 185 363 427.529
381 190 415 418.394
382 190 420 418.358
383 190 394 418.196
384 190 375 418.345
385 190 358 418.812
386 190 482 418.262
387 190 398 418.576
388 190 367 417.829
389 190 402 418.371
390 190 499 418.004
391 195 391 408.886
392 195 380 408.847
393 195 356 408.808
394 195 448 408.925
395 195 456 408.927
396 195 421 408.546
397 195 400 408.648
398 195 380 408.840
399 195 417 408.766
400 195 364 408.929
401 200 365 398.613
402 200 467 398.864
403 200 431 398.771
404 200 406 398.224
405 200 363 398.307
406 200 342 398.436
407 200 475 398.558
408 200 399 398.883
409 200 480 398.553
410 200 341 398.840
411 205 441 387.331
412 205 371 387.486
413 205 350 387.526
414 205 383 387.615
415 205 351 387.108
416 205 398 387.502
417 205 471 387.340
418 205 429 387.612
419 205 428 387.027
420 205 382 387.847
421 210 431 375.090
422 210 468 375.399
423 210 356 375.125
424 210 334 375.624
425 210 336 375.920
426 210 437 375.361
427 210 381 375.492
428 210 355 375.500
429 210 339 375.574
430 210 420 375.454
431 215 316 362.252
432 215 369 362.462
433 215 443 362.587
434 215 395 362.310
435 215 417 362.462
436 215 397 361.742
437 215 369 362.264
438 215 349 362.048
439 215 376 362.322
440 215 343 362.078
441 220 359 347.890
442 220 375 347.073
443 220 349 347.259
444 220 323 347.524
445 220 304 347.934
446 220 398 347.961
447 220 340 347.219
448 220 315 347.550
449 220 293 347.554
450 220 319 347.892
451 225 406 331.287
452 225 281 331.211
453 225 298 330.882
454 225 282 331.546
455 225 417 331.160
456 225 348 330.709
457 225 309 330.731
458 225 292 331.243
459 225 380 331.255
460 225 423 331.061
461 230 265 312.110
462 230 367 312.493
463 230 354 311.863
464 230 313 312.350
465 230 290 312.127
466 230 285 312.518
467 230 270 312.568
468 230 342 312.476
469 230 297 312.250
470 230 276 312.101
471 235 263 290.234
472 235 265 290.027
473 235 251 290.486
474 235 376 290.200
475 235 303 290.007
476 235 278 289.890
477 235 251 290.395
478 235 251 290.278
479 235 347 290.271
480 235 300 289.748
481 240 298 263.334
482 240 301 263.106
483 240 228 263.192
484 240 247 263.187
485 240 232 263.355
486 240 304 262.952
487 240 271 263.181
488 240 328 263.342
489 240 241 263.306
490 240 258 263.273
491 245 238 228.725
492 245 238 228.683
493 245 224 228.568
494 245 210 228.800
495 245 202 228.865
496 245 261 228.841
497 245 235 228.584
498 245 219 228.723
499 245 209 228.824
500 245 229 228.976
501 250 186 179.980
502 250 167 179.995
503 250 206 179.983
504 250 169 180.017
505 250 190 180.030
506 250 167 180.148
507 250 187 180.122
508 250 193 180.018
509 250 182 180.043
510 250 174 180.091
511 255 87 87.627
512 255 87 87.529
513 255 88 87.492
514 255 88 87.480
515 255 87 87.489
516 255 87 87.480
517 255 88 87.476
518 255 88 87.492
519 255 88 87.509
520 255 88 87.516
